*
**
***
****
*****

i   j
1,  1
2,  1, 2
3,  1, 2, 3
4,  1, 2, 3, 4
5,  1, 2, 3, 4, 5

==============================================

    *
   **
  ***
 ****
*****

space count  filled start count
4                 1
3                 2
2                 3
1                 4
0                 5

i   j
1   5
2   4, 5
3   3, 4, 5
4   2, 3, 4, 5
5   1, 2, 3, 4, 5

==============================================

123456789
    *
   * *
  * * *
 * * * *
* * * * *

i   j
1   5
2   4, 6
3   3, 5, 7
4   2, 4, 6, 8
5   1, 3, 5, 7, 9

==============================================

1
12
123
1234
12345

i   j
1,  1
2,  1, 2
3,  1, 2, 3
4,  1, 2, 3, 4
5,  1, 2, 3, 4, 5

==============================================

1
23
456
78910
1112131415

==============================================

12345
1234
123
12
1

i   j
1   1, 2, 3, 4, 5
2   1, 2, 3, 4
3   1, 2, 3
4   1, 2,
5   1

==============================================